33 88
34 63
35 205
36 198
37 244
38 281
39 31
40 128
41 121
42 91
43 87
44 38
45 32
46 22
47 130
48 207
49 134
50 176
51 182
52 177
53 178
54 205
55 147
56 224
57 205
58 45
59 62
60 101
61 95
62 100
63 120
64 382
65 204
66 251
67 169
68 232
69 180
70 158
71 237
72 229
73 84
74 120
75 217
76 136
77 333
78 274
79 248
80 197
81 273
82 233
83 176
84 154
85 192
86 185
87 342
88 201
89 142
90 184
91 134
92 125
93 132
94 106
95 66
96 21
97 155
98 216
99 111
100 217
101 152
102 126
103 221
104 210
105 81
106 116
107 190
108 94
109 239
110 172
111 162
112 213
113 209
114 91
115 119
116 118
117 169
118 134
119 232
120 145
121 161
122 124
123 133
124 123
125 134
126 67
